# Created by Octave 4.0.2, Mon Aug 15 16:19:07 2016 IST <vinod@Eon>
# name: A
# type: matrix
# rows: 9
# columns: 5
 1 1 0 0 1
 0 1 0 1 0
 0 1 1 0 0
 1 1 0 1 0
 1 0 1 0 0
 0 1 1 0 0
 1 0 1 0 0
 1 1 1 0 1
 1 1 1 0 0


